      0/99      5.6G   0.06383   0.01633   0.02985      0.11        28       640   0.02086     0.109  0.008576  0.001634   0.06382  0.006283   0.02009
      1/99     5.91G   0.06097   0.01449   0.02854     0.104        22       640   0.00392   0.01674 0.0002587 6.681e-05    0.0581  0.005565    0.0174
      2/99     5.91G   0.05949   0.01432   0.02693    0.1007        15       640  0.004464    0.2197  0.003796 0.0005314   0.04958  0.006686   0.01779
      3/99     5.91G   0.05882   0.01446   0.02569   0.09897        25       640  0.004191    0.3598  0.002766 0.0005224   0.05918  0.004717    0.1526
      4/99     5.91G   0.05517   0.01401   0.02421   0.09339        23       640  0.008584    0.1465  0.007789  0.001332   0.05694  0.007469   0.08504
      5/99     5.91G   0.05113   0.01302   0.02243   0.08658        23       640   0.01318    0.2187   0.01471  0.002905   0.04419  0.006844   0.01696
      6/99     5.91G   0.04735   0.01294   0.02132   0.08161        13       640    0.2024    0.1409   0.03372  0.006472   0.04167  0.006902   0.01699
      7/99     5.91G   0.04532   0.01277   0.02137   0.07946        24       640   0.06379    0.1737   0.05454     0.011   0.04209   0.08036   0.05002
      8/99     5.91G   0.04129   0.01266   0.02035   0.07431        12       640   0.05204    0.2595   0.05332   0.01007   0.04126  0.007352   0.04426
      9/99     5.91G    0.0414   0.01253   0.02018   0.07412        20       640   0.05375    0.3591   0.05006   0.01175   0.04134  0.006559    0.0234
     10/99     5.91G   0.03861   0.01246   0.01853    0.0696        20       640   0.07777    0.3515   0.06858   0.01603   0.04163   0.00682   0.03389
     11/99     5.91G    0.0379   0.01208   0.01763   0.06762        24       640   0.05558    0.2892     0.055   0.01241   0.03817  0.006827   0.01795
     12/99     5.91G   0.03675   0.01217    0.0176   0.06653        24       640   0.08095    0.3485   0.06294   0.01293   0.04074  0.007041   0.03126
     13/99     5.91G   0.03684   0.01182   0.01657   0.06522        24       640    0.1351    0.4603    0.1149   0.02735   0.03638  0.006403   0.01824
     14/99     5.91G   0.03464   0.01175   0.01543   0.06182         9       640    0.1084    0.3553   0.08953   0.02096   0.03871  0.006358   0.02032
     15/99     5.91G   0.03527   0.01167   0.01514   0.06209        18       640    0.1699    0.4135    0.1259   0.03384   0.03659  0.006391   0.01766
     16/99     5.91G   0.03386   0.01165   0.01544   0.06096        15       640    0.1876    0.2803    0.1387   0.03517   0.03588  0.006614   0.01706
     17/99     5.91G   0.03172    0.0112   0.01437   0.05729        30       640    0.1257    0.4312    0.1144   0.02956   0.03499  0.006464   0.01759
     18/99     5.91G     0.034   0.01146   0.01423   0.05969        21       640    0.1615    0.4141    0.1472   0.04131   0.03453  0.006707    0.0171
     19/99     5.91G   0.03402   0.01136   0.01412    0.0595        24       640    0.1624    0.3368    0.1258   0.03653   0.03335  0.006409   0.01838
     20/99     5.91G   0.03401   0.01133   0.01393   0.05928        20       640    0.1988    0.3891    0.1643   0.04663   0.03453  0.005948   0.01758
     21/99     5.91G   0.03115     0.011   0.01306   0.05521        19       640    0.1565    0.4306    0.1465   0.04502   0.03429  0.006825    0.0178
     22/99     5.91G   0.03163   0.01105   0.01318   0.05585        11       640    0.1819    0.4284    0.1642   0.05079   0.03233  0.006532   0.01641
     23/99     5.91G   0.03179   0.01103   0.01314   0.05596        21       640    0.1803    0.3988    0.1452   0.04096   0.03393   0.00672   0.01756
     24/99     5.91G   0.03093   0.01105   0.01216   0.05414        23       640    0.2505    0.4667    0.2192    0.0697   0.03217   0.00652   0.01644
     25/99     5.91G   0.03188   0.01094    0.0126   0.05541        28       640    0.2283    0.4532    0.2101   0.06515   0.03362  0.006348   0.01641
     26/99     5.91G   0.03088   0.01101    0.0122   0.05409        19       640    0.2051    0.4032    0.1687   0.05197   0.03306  0.006235   0.01696
     27/99     5.91G   0.03144    0.0108   0.01266   0.05489        13       640    0.2042    0.3637    0.1808   0.05483   0.03463  0.006368   0.01685
     28/99     5.91G   0.03049    0.0106   0.01156   0.05265        14       640    0.2162    0.4752    0.2059    0.0607   0.03261  0.006288   0.01629
     29/99     5.91G   0.03094   0.01081   0.01235   0.05411        12       640     0.227    0.4488       0.2    0.0593    0.0351  0.006553   0.01578
     30/99     5.91G   0.02985   0.01071    0.0111   0.05166        22       640    0.2633    0.4618    0.2423   0.07156    0.0328  0.006957   0.01577
     31/99     5.91G   0.02874   0.01049   0.01067   0.04991        16       640     0.217    0.4704     0.208   0.06149   0.03227   0.00643   0.01619
     32/99     5.91G   0.03019   0.01025   0.01084   0.05128        14       640    0.3067    0.5486    0.3211     0.103   0.03269  0.006518   0.01533
     33/99     5.91G   0.02935    0.0104   0.01056   0.05031        14       640    0.2786    0.4481     0.272   0.08301   0.03259  0.007288   0.01693
     34/99     5.91G    0.0299   0.01077   0.01135   0.05203        26       640    0.3016    0.4695    0.2735   0.08246   0.03194  0.007107   0.01718
     35/99     5.91G   0.02861   0.01009   0.01104   0.04975        13       640    0.2121    0.4883    0.2155   0.06412   0.03242  0.007023   0.01639
     36/99     5.91G    0.0293   0.01062   0.01073   0.05065        30       640    0.2812    0.4656    0.2676   0.08299   0.03091  0.007139    0.0157
     37/99     5.91G   0.02918   0.01036   0.01068   0.05022        22       640    0.2493    0.5179    0.2586   0.08457   0.03309  0.006637   0.01591
     38/99     5.91G   0.02945   0.01017   0.01054   0.05016        15       640    0.2492    0.5548    0.2777   0.08635   0.03173  0.006789   0.01595
     39/99     5.91G   0.02795   0.01035   0.01053   0.04883        19       640    0.2982    0.5505    0.3073    0.1004   0.03185    0.0066   0.01596
     40/99     5.91G   0.02886   0.01028   0.00989   0.04902        25       640     0.309    0.4626    0.2963   0.09332    0.0318  0.006946   0.01543
     41/99     5.91G   0.02788   0.01018   0.01012   0.04818        16       640    0.2842    0.5357    0.2801    0.0943   0.03112  0.006756   0.01585
     42/99     5.91G   0.02771   0.01005  0.009401   0.04716        14       640     0.255    0.5372    0.2723   0.08846   0.03209  0.006906   0.01776
     43/99     5.91G   0.02726  0.009924  0.009482   0.04666        22       640    0.3287    0.5142    0.3303    0.1108    0.0321  0.006756   0.01606
     44/99     5.91G   0.02752   0.01008  0.009003    0.0466        17       640    0.3421    0.5201    0.3392    0.1188   0.03134   0.00647   0.01656
     45/99     5.91G   0.02709  0.009776  0.009432    0.0463        15       640    0.3278    0.5031    0.3299     0.113   0.03159  0.006758   0.01673
     46/99     5.91G   0.02746   0.01004  0.008838   0.04635        10       640    0.3486    0.5145    0.3582     0.126   0.03051  0.006863   0.01594
     47/99     5.91G   0.02744  0.009848  0.009978   0.04726        23       640    0.3699     0.502    0.3627    0.1279   0.03192  0.006826   0.01597
     48/99     5.91G   0.02719   0.01036  0.009182   0.04673        27       640    0.2847    0.4935    0.2767   0.09076   0.03077  0.006936   0.01767
     49/99     5.91G   0.02698  0.009714  0.009411   0.04611        18       640    0.3689     0.509    0.3536    0.1203   0.03222  0.006698   0.01574
     50/99     5.91G   0.02775   0.01005    0.0087    0.0465        25       640    0.3269    0.5372    0.3445    0.1172   0.03079  0.006862   0.01547
     51/99     5.91G   0.02623  0.009804  0.008927   0.04496        17       640    0.3101    0.4971    0.3096    0.1048   0.03022  0.007006   0.01639
     52/99     5.91G    0.0267   0.01005  0.008771   0.04553        13       640    0.3507    0.5263    0.3558    0.1275   0.03122  0.006868   0.01715
     53/99     5.91G    0.0263   0.01006   0.00861   0.04497        29       640    0.3573    0.5123    0.3631    0.1209   0.03077  0.006489   0.01585
     54/99     5.91G   0.02638  0.009993  0.008777   0.04515        35       640    0.3446    0.5296    0.3609    0.1287   0.03024  0.006566   0.01517
     55/99     5.91G   0.02609  0.009842  0.008534   0.04446        18       640    0.3432    0.5192    0.3549    0.1298   0.03066  0.006655   0.01618
     56/99     5.91G   0.02671  0.009847  0.008977   0.04553        12       640    0.3502     0.498    0.3502    0.1224   0.03033  0.006488   0.01551
     57/99     5.91G   0.02617   0.00966  0.008794   0.04463        21       640    0.3729    0.5113    0.3764    0.1338   0.02962  0.006732   0.01564
     58/99     5.91G   0.02659  0.009739  0.008182   0.04451         9       640    0.3604    0.5227    0.3609    0.1258   0.03081  0.007181   0.01773
     59/99     5.91G   0.02533  0.009724  0.008023   0.04308        11       640    0.3913    0.4791     0.369    0.1316   0.03093  0.006828    0.0164
     60/99     5.91G   0.02554  0.009723  0.007792   0.04305        36       640     0.397    0.5551    0.4082    0.1532   0.03068  0.006505   0.01469
     61/99     5.91G   0.02566  0.009363  0.007862   0.04288        17       640    0.3918    0.5149    0.3854    0.1377   0.03024  0.007019   0.01491
     62/99     5.91G   0.02619  0.009664  0.008375   0.04423        17       640    0.3785    0.5453    0.3961    0.1399   0.03118  0.007268   0.01769
     63/99     5.91G   0.02563  0.009518  0.007771   0.04292        16       640    0.4102    0.5639    0.4161    0.1472   0.03082  0.006995   0.01861
     64/99     5.91G   0.02502  0.009626  0.007789   0.04244        11       640    0.4375    0.5183    0.4277    0.1561   0.03054  0.006914   0.01685
     65/99     5.91G   0.02516  0.009399  0.007969   0.04253        16       640    0.4416    0.5089    0.4262    0.1561   0.03055  0.007055   0.01607
     66/99     5.91G   0.02564  0.009266  0.007647   0.04256         7       640    0.4482    0.5538     0.452    0.1669   0.02971  0.006993   0.01496
     67/99     5.91G   0.02525  0.009653  0.007693    0.0426         8       640     0.415    0.5196    0.4104    0.1512   0.03058  0.007228   0.01658
     68/99     5.91G    0.0248   0.00924  0.007283   0.04132        24       640    0.3914    0.5395    0.4026    0.1437   0.03024  0.007366   0.01611
     69/99     5.91G   0.02474  0.009406  0.007577   0.04172        30       640    0.4224    0.5306     0.421    0.1556   0.03025  0.006909   0.01488
     70/99     5.91G   0.02413  0.009319   0.00753   0.04098        19       640    0.3661    0.5296    0.3638    0.1303   0.03024    0.0069   0.01578
     71/99     5.91G   0.02494  0.009277  0.007747   0.04197        15       640    0.4302    0.5465    0.4371    0.1621   0.03042  0.006913   0.01513
     72/99     5.91G   0.02502  0.009198  0.007504   0.04172        19       640    0.4366    0.5307     0.438    0.1597   0.03012  0.007387   0.01537
     73/99     5.91G   0.02454  0.009357  0.007631   0.04153        15       640    0.4645    0.5372    0.4523    0.1607   0.03058  0.007115   0.01448
     74/99     5.91G   0.02404  0.009094  0.007428   0.04056        20       640    0.4795    0.5306    0.4643    0.1756    0.0319  0.007053   0.01422
     75/99     5.91G    0.0244  0.009109   0.00675   0.04026        20       640    0.4389    0.5406    0.4384    0.1626   0.03215  0.006808   0.01496
     76/99     5.91G    0.0245  0.009133  0.006621   0.04026        10       640    0.4657    0.5334     0.448    0.1679   0.03068  0.006737   0.01437
     77/99     5.91G   0.02423  0.009067  0.006744   0.04004        25       640     0.494    0.5416    0.4771     0.178   0.03081  0.006841   0.01395
     78/99     5.91G   0.02349  0.009117  0.006931   0.03954        19       640    0.4998    0.5333    0.4801    0.1808   0.03062  0.007119   0.01394
     79/99     5.91G   0.02386  0.009015  0.006642   0.03952        20       640    0.4745    0.5632    0.4741    0.1822   0.03045  0.007191    0.0144
     80/99     5.91G   0.02405  0.009109  0.007187   0.04034         7       640    0.5021    0.5405    0.4753    0.1802    0.0302  0.007073   0.01443
     81/99     5.91G   0.02333  0.008891  0.006715   0.03894         9       640    0.4762    0.5597    0.4659    0.1754   0.03018  0.007036   0.01413
     82/99     5.91G   0.02412   0.00922  0.006868    0.0402         8       640    0.4782    0.5484    0.4768    0.1831    0.0304   0.00681   0.01435
     83/99     5.91G   0.02455  0.008837  0.006702   0.04009        14       640    0.5131    0.5464    0.4979    0.1876   0.03028  0.007226    0.0143
     84/99     5.91G   0.02353  0.009078  0.006283   0.03889         5       640    0.5014    0.5391    0.4799     0.176   0.03025  0.007223   0.01384
     85/99     5.91G   0.02315   0.00892  0.006218   0.03829        28       640    0.4893    0.5661    0.4866    0.1826   0.03041  0.007154   0.01412
     86/99     5.91G   0.02394  0.008881  0.006584    0.0394        24       640    0.4664    0.5806    0.4856    0.1823   0.02992  0.007113   0.01404
     87/99     5.91G    0.0237  0.008902  0.006266   0.03887        30       640    0.5107    0.5651    0.5082    0.1954   0.02968  0.007021   0.01421
     88/99     5.91G   0.02315  0.009107  0.006145   0.03841        19       640    0.5046    0.5675    0.5083    0.1978   0.02934  0.007013   0.01374
     89/99     5.91G   0.02309  0.009001  0.006219   0.03831        18       640    0.5184    0.5599    0.5068    0.1962   0.02972  0.007152   0.01366
     90/99     5.91G   0.02315  0.009065  0.005941   0.03816        19       640    0.5201    0.5727    0.5079    0.1932   0.02962  0.007331   0.01345
     91/99     5.91G    0.0234  0.009051  0.006011   0.03846        23       640    0.4975    0.5568    0.4957    0.1895   0.02942  0.007202   0.01411
     92/99     5.91G   0.02302  0.008929   0.00629   0.03824        13       640    0.5045    0.5777    0.5138    0.1983   0.02942  0.007311   0.01354
     93/99     5.91G   0.02289  0.008921  0.005841   0.03765        23       640    0.5129    0.5898    0.5163    0.1963   0.02961  0.007358    0.0141
     94/99     5.91G   0.02442  0.008997  0.006272   0.03969        10       640    0.4884    0.5775    0.5146    0.1945   0.02974  0.007412   0.01376
     95/99     5.91G   0.02336  0.008831  0.006107    0.0383        21       640     0.518    0.5658    0.5113     0.199   0.02931  0.007107   0.01348
     96/99     5.91G   0.02356  0.008767  0.005691   0.03802        21       640    0.5197    0.5884    0.5237    0.2003   0.02952  0.007284   0.01339
     97/99     5.91G   0.02284  0.008734  0.005595   0.03717        19       640     0.494    0.5972    0.5141    0.1964   0.02972  0.007295   0.01354
     98/99     5.91G   0.02282  0.008875  0.005823   0.03752        26       640    0.4984    0.5986    0.5232    0.2008   0.02957  0.007308   0.01379
     99/99     5.91G    0.0237  0.008961  0.006073   0.03873        20       640     0.533    0.5671    0.5157    0.1972   0.02948  0.007282    0.0136
